Dynamics Check for SC[7]

Nb:  1   Ng:  0
Mass:  1.000000
cm:  0.000000 0.000000 0.000000
I  :  2.000000  -0.000000  -0.000000 
     -0.000000  3.000000  -0.000000 
      -0.000000 -0.000000  1.200000
PosR:  -1.767767 -1.553544 -0.843505
VelR:  -0.002002 0.003110 -0.001532

Dyn Structure
-------------
Nu:  6   Nx:  7  Nf:  0
u[00]: 0.000000
u[01]: 0.001745
u[02]: 0.000000
u[03]: 0.000000
u[04]: 0.000000
u[05]: 0.000000

x[00]: 0.000000
x[01]: 0.000000
x[02]: 0.000000
x[03]: 1.000000
x[04]: 0.000000
x[05]: 0.000000
x[06]: 0.000000



Body Structure [00]
-------------------
Mass:  1.000000
cm:  0.000000 0.000000 0.000000
c:   0.000000 0.000000 0.000000
I:  2.000000 -0.000000 -0.000000
     -0.000000 3.000000 -0.000000
   -0.000000 -0.000000 1.200000
wn:  0.000000 0.001745 0.000000
qn:  0.000000 0.000000 0.000000 1.000000
vn:  0.000000 0.000000 0.000000
pn:  0.000000 0.000000 0.000000

CN:
1.000000 0.000000 0.000000
0.000000 1.000000 0.000000
0.000000 0.000000 1.000000
Nf: 0   f0: 0
Mf:

Kf:

Cf:

Pf:




Hf:





