Dynamics Check for SC[6]

Nb:  1   Ng:  0
Mass:  200.000000
cm:  0.000000 0.000000 0.000000
I  :  100.000000  -0.000000  -0.000000 
     -0.000000  200.000000  -0.000000 
      -0.000000 -0.000000  300.000000
PosR:  0.000000 0.000000 0.000000
VelR:  0.000000 0.000000 0.000000

Dyn Structure
-------------
Nu:  6   Nx:  7  Nf:  0
u[00]: 0.000000
u[01]: -0.000024
u[02]: 0.000000
u[03]: 0.000000
u[04]: 0.000000
u[05]: 0.000000

x[00]: 0.841506
x[01]: 0.091506
x[02]: 0.091506
x[03]: -0.524519
x[04]: 0.000000
x[05]: 0.000000
x[06]: 0.000000



Body Structure [00]
-------------------
Mass:  200.000000
cm:  0.000000 0.000000 0.000000
c:   0.000000 0.000000 0.000000
I:  100.000000 -0.000000 -0.000000
     -0.000000 200.000000 -0.000000
   -0.000000 -0.000000 300.000000
wn:  0.000000 -0.000024 0.000000
qn:  0.841506 0.091506 0.091506 -0.524519
vn:  0.000000 0.000000 0.000000
pn:  0.000000 0.000000 0.000000

CN:
0.966506 0.058013 0.250000
0.250000 -0.433013 -0.866025
0.058013 0.899519 -0.433013
Nf: 0   f0: 0
Mf:

Kf:

Cf:

Pf:




Hf:





