Dynamics Check for SC[2]

Nb:  1   Ng:  0
Mass:  1.000000
cm:  0.000000 0.000000 0.000000
I  :  2.000000  -0.000000  -0.000000 
     -0.000000  3.000000  -0.000000 
      -0.000000 -0.000000  1.200000
PosR:  3.660253 11.830127 6.830127
VelR:  0.002490 -0.002163 -0.001249

Dyn Structure
-------------
Nu:  6   Nx:  7  Nf:  0
u[00]: 0.008727
u[01]: 0.008741
u[02]: -0.008885
u[03]: 0.000000
u[04]: 0.000000
u[05]: 0.000000

x[00]: 0.943030
x[01]: 0.246840
x[02]: 0.077828
x[03]: -0.209065
x[04]: 0.000000
x[05]: 0.000000
x[06]: 0.000000



Body Structure [00]
-------------------
Mass:  1.000000
cm:  0.000000 0.000000 0.000000
c:   0.000000 0.000000 0.000000
I:  2.000000 -0.000000 -0.000000
     -0.000000 3.000000 -0.000000
   -0.000000 -0.000000 1.200000
wn:  0.008727 0.008741 -0.008885
qn:  0.943030 0.246840 0.077828 -0.209065
vn:  0.000000 0.000000 0.000000
pn:  0.000000 0.000000 0.000000

CN:
0.866025 0.433013 0.250000
0.498097 -0.790724 -0.355886
0.043578 0.432731 -0.900469
Nf: 0   f0: 0
Mf:

Kf:

Cf:

Pf:




Hf:





