Dynamics Check for SC[3]

Nb:  2   Ng:  1
Mass:  1020.000000
cm:  2.041176 -0.179804 -0.014706
I  :  2759.831373  377.588235  30.882353 
     377.588235  2117.500000  -134.852941 
      30.882353 -134.852941  3835.272549
PosR:  0.000000 0.000000 0.000000
VelR:  0.000000 0.000000 0.000000

Dyn Structure
-------------
Nu:  7   Nx:  8  Nf:  0
u[00]: 0.000000
u[01]: -0.001059
u[02]: 0.000000
u[03]: 0.000000
u[04]: -0.000037
u[05]: -0.000024
u[06]: -0.000015

x[00]: 0.668583
x[01]: 0.230211
x[02]: 0.694115
x[03]: -0.134922
x[04]: 0.000000
x[05]: 0.104628
x[06]: -0.151809
x[07]: -0.015752



Body Structure [00]
-------------------
Mass:  1000.000000
cm:  2.000000 0.000000 0.000000
c:   0.000000 0.000000 0.000000
I:  1000.000000 -0.000000 -0.000000
     -0.000000 2000.000000 -0.000000
   -0.000000 -0.000000 2000.000000
wn:  0.000000 -0.001059 0.000000
qn:  0.668583 0.230211 0.694115 -0.134922
vn:  -0.000037 -0.000024 -0.000015
pn:  0.104628 -0.151809 -0.015752

CN:
-0.069587 0.120527 0.990268
0.495134 -0.857597 0.139173
0.866025 0.500000 0.000000
Nf: 0   f0: 0
Mf:

Kf:

Cf:

Pf:




Hf:




Body Structure [01]
-------------------
Mass:  20.000000
cm:  0.000000 -8.000000 0.000000
c:   0.000000 0.000000 0.000000
I:  100.000000 -0.000000 -0.000000
     -0.000000 20.000000 -0.000000
   -0.000000 -0.000000 100.000000
wn:  0.000000 -0.001059 0.000000
qn:  0.668583 0.230211 0.694115 -0.134922
vn:  0.001834 0.001184 0.000771
pn:  -5.231402 7.590466 0.787594

CN:
-0.069587 0.120527 0.990268
0.495134 -0.857597 0.139173
0.866025 0.500000 0.000000
Nf: 0   f0: 0
Mf:

Kf:

Cf:

Pf:




Hf:





Joint Structure [00]
---------------
Rotu0: 3   Rotx0: 4
Trnu0: 4   Trnx0: 5
ang:  0.000000 0.000000 0.000000
rate:  0.000000 0.000000 0.000000
COI:
1.000000 0.000000 0.000000
0.000000 1.000000 0.000000
0.000000 0.000000 1.000000
SpringCoef: 0.000000 0.000000 0.000000
DampCoef: 0.000000 0.000000 0.000000
PSIi:



THETAi:



PSIo:



THETAo:





