Dynamics Check for SC[5]

Nb:  1   Ng:  0
Mass:  200.000000
cm:  0.000000 0.000000 0.000000
I  :  100.000000  -0.000000  -0.000000 
     -0.000000  200.000000  -0.000000 
      -0.000000 -0.000000  300.000000
PosR:  -24.491259 -157.585839 -156.736363
VelR:  0.233926 0.052914 -0.089754

Dyn Structure
-------------
Nu:  6   Nx:  7  Nf:  0
u[00]: 0.000000
u[01]: -0.001145
u[02]: 0.000000
u[03]: 0.000000
u[04]: 0.000000
u[05]: 0.000000

x[00]: -0.152891
x[01]: -0.529812
x[02]: 0.370507
x[03]: 0.747428
x[04]: 0.000000
x[05]: 0.000000
x[06]: 0.000000



Body Structure [00]
-------------------
Mass:  200.000000
cm:  0.000000 0.000000 0.000000
c:   0.000000 0.000000 0.000000
I:  100.000000 -0.000000 -0.000000
     -0.000000 200.000000 -0.000000
   -0.000000 -0.000000 300.000000
wn:  0.000000 -0.001145 0.000000
qn:  -0.152891 -0.529812 0.370507 0.747428
vn:  0.000000 0.000000 0.000000
pn:  0.000000 0.000000 0.000000

CN:
0.164048 0.715861 0.678698
-0.391847 0.678698 -0.621148
-0.905287 -0.164048 0.391847
Nf: 0   f0: 0
Mf:

Kf:

Cf:

Pf:




Hf:





