Dynamics Check for SC[4]

Nb: 16   Ng: 15
Mass:  1600.000000
cm:  -3.828500 -0.228000 0.112188
I  :  1543631.791244  -953.362600  14963.313650 
     -953.362600  127351.582444  -1673.556600 
      14963.313650 -1673.556600  1662386.250000
PosR:  0.000000 0.000000 -0.000000
VelR:  0.000000 0.000000 0.000000

Dyn Structure
-------------
Nu:  22   Nx:  23  Nf:  0
u[00]: 0.000000
u[01]: -0.001145
u[02]: -0.000000
u[03]: 0.000000
u[04]: 0.000000
u[05]: 0.000000
u[06]: 0.000000
u[07]: 0.000000
u[08]: 0.000000
u[09]: 0.000000
u[10]: 0.000000
u[11]: 0.000000
u[12]: 0.000000
u[13]: 0.000000
u[14]: 0.000000
u[15]: 0.000000
u[16]: 0.000000
u[17]: 0.000000
u[18]: 0.000000
u[19]: -0.003837
u[20]: -0.002123
u[21]: 0.000101

x[00]: 0.051787
x[01]: 0.705208
x[02]: -0.397453
x[03]: -0.584834
x[04]: 0.000000
x[05]: 0.000000
x[06]: 0.000000
x[07]: 0.000000
x[08]: 0.000000
x[09]: 0.000000
x[10]: 0.000000
x[11]: 0.000000
x[12]: 0.000000
x[13]: 0.000000
x[14]: 0.000000
x[15]: 0.000000
x[16]: 0.000000
x[17]: 0.000000
x[18]: 0.000000
x[19]: 0.000000
x[20]: -1.181216
x[21]: 2.270301
x[22]: 2.858749



Body Structure [00]
-------------------
Mass:  100.000000
cm:  0.000000 0.000000 0.000000
c:   0.000000 0.000000 0.000000
I:  100.000000 -0.000000 -0.000000
     -0.000000 200.000000 -0.000000
   -0.000000 -0.000000 300.000000
wn:  0.000000 -0.001145 -0.000000
qn:  0.051787 0.705208 -0.397453 -0.584834
vn:  -0.003837 -0.002123 0.000101
pn:  -1.181216 2.270301 2.858749

CN:
-0.310574 0.537930 0.783693
-0.391847 0.678698 -0.621148
-0.866025 -0.500000 0.000000
Nf: 0   f0: 0
Mf:

Kf:

Cf:

Pf:




Hf:




Body Structure [01]
-------------------
Mass:  100.000000
cm:  0.000000 0.000000 0.000000
c:   0.000000 0.000000 0.000000
I:  100.000000 -0.000000 -0.000000
     -0.000000 200.000000 -0.000000
   -0.000000 -0.000000 300.000000
wn:  0.000000 -0.001145 -0.000000
qn:  0.051787 0.705208 -0.397453 -0.584834
vn:  -0.003837 -0.002123 0.000101
pn:  -11.330046 19.848591 -13.228979

CN:
-0.310574 0.537930 0.783693
-0.391847 0.678698 -0.621148
-0.866025 -0.500000 0.000000
Nf: 0   f0: 0
Mf:

Kf:

Cf:

Pf:




Hf:




Body Structure [02]
-------------------
Mass:  100.000000
cm:  0.000000 0.000000 0.000000
c:   0.000000 0.000000 0.000000
I:  100.000000 -0.000000 -0.000000
     -0.000000 200.000000 -0.000000
   -0.000000 -0.000000 300.000000
wn:  -0.000000 0.001145 -0.000000
qn:  0.705208 -0.051787 -0.584834 0.397453
vn:  -0.003837 -0.002123 0.000101
pn:  8.967614 -15.307989 18.946476

CN:
0.310574 -0.537930 -0.783693
0.391847 -0.678698 0.621148
-0.866025 -0.500000 0.000000
Nf: 0   f0: 0
Mf:

Kf:

Cf:

Pf:




Hf:




Body Structure [03]
-------------------
Mass:  100.000000
cm:  0.000000 0.000000 0.000000
c:   0.000000 0.000000 0.000000
I:  100.000000 -0.000000 -0.000000
     -0.000000 200.000000 -0.000000
   -0.000000 -0.000000 300.000000
wn:  0.000000 -0.001145 -0.000000
qn:  0.051787 0.705208 -0.397453 -0.584834
vn:  -0.005053 -0.003302 -0.000420
pn:  -14.946180 24.951918 -16.335179

CN:
-0.310574 0.537930 0.783693
-0.391847 0.678698 -0.621148
-0.866025 -0.500000 0.000000
Nf: 0   f0: 0
Mf:

Kf:

Cf:

Pf:




Hf:




Body Structure [04]
-------------------
Mass:  100.000000
cm:  0.000000 0.000000 0.000000
c:   0.000000 0.000000 0.000000
I:  100.000000 -0.000000 -0.000000
     -0.000000 200.000000 -0.000000
   -0.000000 -0.000000 300.000000
wn:  -0.000000 0.001145 -0.000000
qn:  0.705208 -0.051787 -0.584834 0.397453
vn:  -0.002766 -0.000889 0.000774
pn:  -12.924945 24.111037 -18.508123

CN:
0.310574 -0.537930 -0.783693
0.391847 -0.678698 0.621148
-0.866025 -0.500000 0.000000
Nf: 0   f0: 0
Mf:

Kf:

Cf:

Pf:




Hf:




Body Structure [05]
-------------------
Mass:  100.000000
cm:  0.000000 0.000000 0.000000
c:   0.000000 0.000000 0.000000
I:  100.000000 -0.000000 -0.000000
     -0.000000 200.000000 -0.000000
   -0.000000 -0.000000 300.000000
wn:  0.000000 -0.001145 -0.000000
qn:  0.051787 0.705208 -0.397453 -0.584834
vn:  -0.004748 -0.003100 -0.000392
pn:  -20.901330 35.328540 -26.224769

CN:
-0.310574 0.537930 0.783693
-0.391847 0.678698 -0.621148
-0.866025 -0.500000 0.000000
Nf: 0   f0: 0
Mf:

Kf:

Cf:

Pf:




Hf:




Body Structure [06]
-------------------
Mass:  100.000000
cm:  0.000000 0.000000 0.000000
c:   0.000000 0.000000 0.000000
I:  100.000000 -0.000000 -0.000000
     -0.000000 200.000000 -0.000000
   -0.000000 -0.000000 300.000000
wn:  -0.000000 0.001145 -0.000000
qn:  0.705208 -0.051787 -0.584834 0.397453
vn:  -0.003054 -0.000992 0.000842
pn:  -19.028539 34.834771 -27.952163

CN:
0.310574 -0.537930 -0.783693
0.391847 -0.678698 0.621148
-0.866025 -0.500000 0.000000
Nf: 0   f0: 0
Mf:

Kf:

Cf:

Pf:




Hf:




Body Structure [07]
-------------------
Mass:  100.000000
cm:  0.000000 0.000000 0.000000
c:   0.000000 0.000000 0.000000
I:  100.000000 -0.000000 -0.000000
     -0.000000 200.000000 -0.000000
   -0.000000 -0.000000 300.000000
wn:  -0.000000 0.001145 -0.000000
qn:  0.705208 -0.051787 -0.584834 0.397453
vn:  -0.002208 -0.001659 -0.000420
pn:  11.579159 -20.991316 22.052676

CN:
0.310574 -0.537930 -0.783693
0.391847 -0.678698 0.621148
-0.866025 -0.500000 0.000000
Nf: 0   f0: 0
Mf:

Kf:

Cf:

Pf:




Hf:




Body Structure [08]
-------------------
Mass:  100.000000
cm:  0.000000 0.000000 0.000000
c:   0.000000 0.000000 0.000000
I:  100.000000 -0.000000 -0.000000
     -0.000000 200.000000 -0.000000
   -0.000000 -0.000000 300.000000
wn:  0.000000 -0.001145 -0.000000
qn:  0.051787 0.705208 -0.397453 -0.584834
vn:  -0.005442 -0.002434 0.000774
pn:  11.861551 -18.820435 24.225620

CN:
-0.310574 0.537930 0.783693
-0.391847 0.678698 -0.621148
-0.866025 -0.500000 0.000000
Nf: 0   f0: 0
Mf:

Kf:

Cf:

Pf:




Hf:




Body Structure [09]
-------------------
Mass:  100.000000
cm:  0.000000 0.000000 0.000000
c:   0.000000 0.000000 0.000000
I:  100.000000 -0.000000 -0.000000
     -0.000000 200.000000 -0.000000
   -0.000000 -0.000000 300.000000
wn:  -0.000000 0.001145 -0.000000
qn:  0.705208 -0.051787 -0.584834 0.397453
vn:  -0.002536 -0.001823 -0.000392
pn:  17.588002 -31.336938 31.942267

CN:
0.310574 -0.537930 -0.783693
0.391847 -0.678698 0.621148
-0.866025 -0.500000 0.000000
Nf: 0   f0: 0
Mf:

Kf:

Cf:

Pf:




Hf:




Body Structure [10]
-------------------
Mass:  100.000000
cm:  0.000000 0.000000 0.000000
c:   0.000000 0.000000 0.000000
I:  100.000000 -0.000000 -0.000000
     -0.000000 200.000000 -0.000000
   -0.000000 -0.000000 300.000000
wn:  0.000000 -0.001145 -0.000000
qn:  0.051787 0.705208 -0.397453 -0.584834
vn:  -0.005208 -0.002236 0.000842
pn:  18.096781 -29.468169 33.669661

CN:
-0.310574 0.537930 0.783693
-0.391847 0.678698 -0.621148
-0.866025 -0.500000 0.000000
Nf: 0   f0: 0
Mf:

Kf:

Cf:

Pf:




Hf:




Body Structure [11]
-------------------
Mass:  100.000000
cm:  0.000000 0.000000 0.000000
c:   0.000000 0.000000 0.000000
I:  100.000000 -0.000000 -0.000000
     -0.000000 200.000000 -0.000000
   -0.000000 -0.000000 300.000000
wn:  0.000000 -0.001145 -0.000000
qn:  0.051787 0.705208 -0.397453 -0.584834
vn:  -0.002201 -0.001178 0.000101
pn:  -6.428916 11.359584 -7.565218

CN:
-0.310574 0.537930 0.783693
-0.391847 0.678698 -0.621148
-0.866025 -0.500000 0.000000
Nf: 0   f0: 0
Mf:

Kf:

Cf:

Pf:




Hf:




Body Structure [12]
-------------------
Mass:  100.000000
cm:  0.000000 0.000000 0.000000
c:   0.000000 0.000000 0.000000
I:  100.000000 -0.000000 -0.000000
     -0.000000 200.000000 -0.000000
   -0.000000 -0.000000 300.000000
wn:  0.000000 -0.001145 -0.000000
qn:  0.051787 0.705208 -0.397453 -0.584834
vn:  -0.002201 -0.001178 0.000101
pn:  5.091378 -8.594150 10.696527

CN:
-0.310574 0.537930 0.783693
-0.391847 0.678698 -0.621148
-0.866025 -0.500000 0.000000
Nf: 0   f0: 0
Mf:

Kf:

Cf:

Pf:




Hf:




Body Structure [13]
-------------------
Mass:  100.000000
cm:  0.000000 0.000000 0.000000
c:   0.000000 0.000000 0.000000
I:  100.000000 -0.000000 -0.000000
     -0.000000 200.000000 -0.000000
   -0.000000 -0.000000 300.000000
wn:  0.000000 -0.001145 -0.000000
qn:  0.051787 0.705208 -0.397453 -0.584834
vn:  0.023484 0.010874 -0.002933
pn:  3.322154 -12.289765 -18.966211

CN:
-0.310574 0.537930 0.783693
-0.391847 0.678698 -0.621148
-0.866025 -0.500000 0.000000
Nf: 0   f0: 0
Mf:

Kf:

Cf:

Pf:




Hf:




Body Structure [14]
-------------------
Mass:  100.000000
cm:  0.000000 0.000000 0.000000
c:   0.000000 0.000000 0.000000
I:  100.000000 -0.000000 -0.000000
     -0.000000 200.000000 -0.000000
   -0.000000 -0.000000 300.000000
wn:  -0.000000 0.001145 -0.000000
qn:  0.705208 -0.051787 -0.584834 0.397453
vn:  0.023484 0.010874 -0.002933
pn:  4.741423 -14.748011 -16.716413

CN:
0.310574 -0.537930 -0.783693
0.391847 -0.678698 0.621148
-0.866025 -0.500000 0.000000
Nf: 0   f0: 0
Mf:

Kf:

Cf:

Pf:




Hf:




Body Structure [15]
-------------------
Mass:  100.000000
cm:  0.000000 0.000000 0.000000
c:   0.000000 0.000000 0.000000
I:  100.000000 -0.000000 -0.000000
     -0.000000 200.000000 -0.000000
   -0.000000 -0.000000 300.000000
wn:  0.000000 0.001145 0.000000
qn:  0.584834 0.397453 0.705208 0.051787
vn:  -0.000042 0.003412 0.003754
pn:  5.493110 -1.147970 1.105079

CN:
-0.310574 0.537930 0.783693
0.391847 -0.678698 0.621148
0.866025 0.500000 -0.000000
Nf: 0   f0: 0
Mf:

Kf:

Cf:

Pf:




Hf:





Joint Structure [00]
---------------
Rotu0: 3   Rotx0: 4
Trnu0: 4   Trnx0: 5
ang:  0.000000 0.000000 0.000000
rate:  0.000000 0.000000 0.000000
COI:
1.000000 0.000000 0.000000
0.000000 1.000000 0.000000
0.000000 0.000000 1.000000
SpringCoef: 0.000000 0.000000 0.000000
DampCoef: 0.000000 0.000000 0.000000
PSIi:



THETAi:



PSIo:



THETAo:





Joint Structure [01]
---------------
Rotu0: 4   Rotx0: 5
Trnu0: 5   Trnx0: 6
ang:  0.000000 0.000000 0.000000
rate:  0.000000 0.000000 0.000000
COI:
-1.000000 0.000000 0.000000
-0.000000 -1.000000 0.000000
0.000000 0.000000 1.000000
SpringCoef: 0.000000 0.000000 0.000000
DampCoef: 0.000000 0.000000 0.000000
PSIi:



THETAi:



PSIo:



THETAo:





Joint Structure [02]
---------------
Rotu0: 5   Rotx0: 6
Trnu0: 6   Trnx0: 7
ang:  0.000000 0.000000 0.000000
rate:  0.000000 0.000000 0.000000
COI:
1.000000 0.000000 0.000000
0.000000 1.000000 0.000000
0.000000 0.000000 1.000000
SpringCoef: 0.000000 0.000000 0.000000
DampCoef: 0.000000 0.000000 0.000000
PSIi:



THETAi:



PSIo:



THETAo:





Joint Structure [03]
---------------
Rotu0: 6   Rotx0: 7
Trnu0: 7   Trnx0: 8
ang:  0.000000 0.000000 0.000000
rate:  0.000000 0.000000 0.000000
COI:
-1.000000 0.000000 0.000000
-0.000000 -1.000000 0.000000
0.000000 0.000000 1.000000
SpringCoef: 0.000000 0.000000 0.000000
DampCoef: 0.000000 0.000000 0.000000
PSIi:



THETAi:



PSIo:



THETAo:





Joint Structure [04]
---------------
Rotu0: 7   Rotx0: 8
Trnu0: 8   Trnx0: 9
ang:  0.000000 0.000000 0.000000
rate:  0.000000 0.000000 0.000000
COI:
1.000000 0.000000 0.000000
0.000000 1.000000 0.000000
0.000000 0.000000 1.000000
SpringCoef: 0.000000 0.000000 0.000000
DampCoef: 0.000000 0.000000 0.000000
PSIi:



THETAi:



PSIo:



THETAo:





Joint Structure [05]
---------------
Rotu0: 8   Rotx0: 9
Trnu0: 9   Trnx0: 10
ang:  0.000000 0.000000 0.000000
rate:  0.000000 0.000000 0.000000
COI:
-1.000000 0.000000 0.000000
-0.000000 -1.000000 0.000000
0.000000 0.000000 1.000000
SpringCoef: 0.000000 0.000000 0.000000
DampCoef: 0.000000 0.000000 0.000000
PSIi:



THETAi:



PSIo:



THETAo:





Joint Structure [06]
---------------
Rotu0: 9   Rotx0: 10
Trnu0: 10   Trnx0: 11
ang:  0.000000 0.000000 0.000000
rate:  0.000000 0.000000 0.000000
COI:
1.000000 0.000000 0.000000
0.000000 1.000000 0.000000
0.000000 0.000000 1.000000
SpringCoef: 0.000000 0.000000 0.000000
DampCoef: 0.000000 0.000000 0.000000
PSIi:



THETAi:



PSIo:



THETAo:





Joint Structure [07]
---------------
Rotu0: 10   Rotx0: 11
Trnu0: 11   Trnx0: 12
ang:  0.000000 0.000000 0.000000
rate:  0.000000 0.000000 0.000000
COI:
-1.000000 0.000000 0.000000
-0.000000 -1.000000 0.000000
0.000000 0.000000 1.000000
SpringCoef: 0.000000 0.000000 0.000000
DampCoef: 0.000000 0.000000 0.000000
PSIi:



THETAi:



PSIo:



THETAo:





Joint Structure [08]
---------------
Rotu0: 11   Rotx0: 12
Trnu0: 12   Trnx0: 13
ang:  0.000000 0.000000 0.000000
rate:  0.000000 0.000000 0.000000
COI:
1.000000 0.000000 0.000000
0.000000 1.000000 0.000000
0.000000 0.000000 1.000000
SpringCoef: 0.000000 0.000000 0.000000
DampCoef: 0.000000 0.000000 0.000000
PSIi:



THETAi:



PSIo:



THETAo:





Joint Structure [09]
---------------
Rotu0: 12   Rotx0: 13
Trnu0: 13   Trnx0: 14
ang:  0.000000 0.000000 0.000000
rate:  0.000000 0.000000 0.000000
COI:
-1.000000 0.000000 0.000000
-0.000000 -1.000000 0.000000
0.000000 0.000000 1.000000
SpringCoef: 0.000000 0.000000 0.000000
DampCoef: 0.000000 0.000000 0.000000
PSIi:



THETAi:



PSIo:



THETAo:





Joint Structure [10]
---------------
Rotu0: 13   Rotx0: 14
Trnu0: 14   Trnx0: 15
ang:  0.000000 0.000000 0.000000
rate:  0.000000 0.000000 0.000000
COI:
1.000000 0.000000 0.000000
0.000000 1.000000 0.000000
0.000000 0.000000 1.000000
SpringCoef: 0.000000 0.000000 0.000000
DampCoef: 0.000000 0.000000 0.000000
PSIi:



THETAi:



PSIo:



THETAo:





Joint Structure [11]
---------------
Rotu0: 14   Rotx0: 15
Trnu0: 15   Trnx0: 16
ang:  0.000000 0.000000 0.000000
rate:  0.000000 0.000000 0.000000
COI:
1.000000 0.000000 0.000000
0.000000 1.000000 0.000000
0.000000 0.000000 1.000000
SpringCoef: 0.000000 0.000000 0.000000
DampCoef: 0.000000 0.000000 0.000000
PSIi:



THETAi:



PSIo:



THETAo:





Joint Structure [12]
---------------
Rotu0: 15   Rotx0: 16
Trnu0: 16   Trnx0: 17
ang:  0.000000 0.000000 0.000000
rate:  0.000000 0.000000 0.000000
COI:
1.000000 0.000000 0.000000
0.000000 1.000000 0.000000
0.000000 0.000000 1.000000
SpringCoef: 0.000000 0.000000 0.000000
DampCoef: 0.000000 0.000000 0.000000
PSIi:



THETAi:



PSIo:



THETAo:





Joint Structure [13]
---------------
Rotu0: 16   Rotx0: 17
Trnu0: 17   Trnx0: 18
ang:  0.000000 0.000000 0.000000
rate:  0.000000 0.000000 0.000000
COI:
-1.000000 0.000000 0.000000
-0.000000 -1.000000 0.000000
0.000000 0.000000 1.000000
SpringCoef: 0.000000 0.000000 0.000000
DampCoef: 0.000000 0.000000 0.000000
PSIi:



THETAi:



PSIo:



THETAo:





Joint Structure [14]
---------------
Rotu0: 17   Rotx0: 18
Trnu0: 19   Trnx0: 20
ang:  0.000000 0.000000 0.000000
rate:  0.000000 0.000000 0.000000
COI:
1.000000 0.000000 0.000000
0.000000 -1.000000 0.000000
0.000000 -0.000000 -1.000000
SpringCoef: 0.000000 0.000000 0.000000
DampCoef: 0.000000 0.000000 0.000000
PSIi:



THETAi:



PSIo:



THETAo:





