Dynamics Check for SC[1]

Nb:  1   Ng:  0
Mass:  1.000000
cm:  0.000000 0.000000 0.000000
I  :  1.000000  -0.000000  -0.000000 
     -0.000000  2.000000  -0.000000 
      -0.000000 -0.000000  4.000000
PosR:  -10.000001 14.999999 8.660254
VelR:  0.001573 0.000786 0.000454

Dyn Structure
-------------
Nu:  6   Nx:  7  Nf:  0
u[00]: 0.001745
u[01]: 0.087266
u[02]: 0.000000
u[03]: 0.000000
u[04]: 0.000000
u[05]: 0.000000

x[00]: 0.000000
x[01]: 0.000000
x[02]: 0.000000
x[03]: 1.000000
x[04]: 0.000000
x[05]: 0.000000
x[06]: 0.000000



Body Structure [00]
-------------------
Mass:  1.000000
cm:  0.000000 0.000000 0.000000
c:   0.000000 0.000000 0.000000
I:  1.000000 -0.000000 -0.000000
     -0.000000 2.000000 -0.000000
   -0.000000 -0.000000 4.000000
wn:  0.001745 0.087266 0.000000
qn:  0.000000 0.000000 0.000000 1.000000
vn:  0.000000 0.000000 0.000000
pn:  0.000000 0.000000 0.000000

CN:
1.000000 0.000000 0.000000
0.000000 1.000000 0.000000
0.000000 0.000000 1.000000
Nf: 0   f0: 0
Mf:

Kf:

Cf:

Pf:




Hf:





