Dynamics Check for SC[10]

Nb:  5   Ng:  4
Mass:  240.000000
cm:  0.000000 0.000000 0.250000
I  :  206.905222  0.000000  -0.000000 
     0.000000  306.905222  0.000000 
      -0.000000 0.000000  376.669556
PosR:  0.000000 0.000000 0.000000
VelR:  0.000000 0.000000 0.000000

Dyn Structure
-------------
Nu:  10   Nx:  11  Nf:  0
u[00]: 0.000000
u[01]: 0.000000
u[02]: 0.000000
u[03]: 0.000000
u[04]: 0.000000
u[05]: 0.000000
u[06]: 0.000000
u[07]: 0.000000
u[08]: 0.000000
u[09]: 0.000000

x[00]: 0.000000
x[01]: 0.000000
x[02]: 0.000000
x[03]: 1.000000
x[04]: 0.000000
x[05]: 0.000000
x[06]: 0.000000
x[07]: 0.000000
x[08]: 0.000000
x[09]: 0.000000
x[10]: -0.250000



Body Structure [00]
-------------------
Mass:  200.000000
cm:  0.000000 0.000000 0.000000
c:   0.000000 0.000000 0.000000
I:  100.000000 -0.000000 -0.000000
     -0.000000 200.000000 -0.000000
   -0.000000 -0.000000 300.000000
wn:  0.000000 0.000000 0.000000
qn:  0.000000 0.000000 0.000000 1.000000
vn:  0.000000 0.000000 0.000000
pn:  0.000000 0.000000 -0.250000

CN:
1.000000 0.000000 0.000000
0.000000 1.000000 0.000000
0.000000 0.000000 1.000000
Nf: 0   f0: 0
Mf:

Kf:

Cf:

Pf:




Hf:




Body Structure [01]
-------------------
Mass:  10.000000
cm:  0.000000 0.000000 0.000000
c:   0.000000 0.000000 0.000000
I:  20.000000 -0.000000 -0.000000
     -0.000000 10.000000 -0.000000
   -0.000000 -0.000000 0.120000
wn:  0.000000 0.000000 0.000000
qn:  0.627951 -0.325082 0.325082 0.627951
vn:  0.000000 0.000000 0.000000
pn:  0.500000 0.000000 1.250000

CN:
0.577288 0.000000 0.816541
-0.816541 0.000000 0.577288
-0.000000 -1.000000 0.000000
Nf: 0   f0: 0
Mf:

Kf:

Cf:

Pf:




Hf:




Body Structure [02]
-------------------
Mass:  10.000000
cm:  0.000000 0.000000 0.000000
c:   0.000000 0.000000 0.000000
I:  20.000000 -0.000000 -0.000000
     -0.000000 10.000000 -0.000000
   -0.000000 -0.000000 0.120000
wn:  0.000000 0.000000 0.000000
qn:  0.673896 0.214161 0.673896 0.214161
vn:  0.000000 0.000000 0.000000
pn:  0.000000 0.500000 1.250000

CN:
0.000000 0.577288 0.816541
-0.000000 -0.816541 0.577288
1.000000 -0.000000 0.000000
Nf: 0   f0: 0
Mf:

Kf:

Cf:

Pf:




Hf:




Body Structure [03]
-------------------
Mass:  10.000000
cm:  0.000000 0.000000 0.000000
c:   0.000000 0.000000 0.000000
I:  20.000000 -0.000000 -0.000000
     -0.000000 10.000000 -0.000000
   -0.000000 -0.000000 0.120000
wn:  0.000000 0.000000 0.000000
qn:  0.325082 0.627951 0.627951 -0.325082
vn:  0.000000 0.000000 0.000000
pn:  -0.500000 0.000000 1.250000

CN:
-0.577288 0.000000 0.816541
0.816541 -0.000000 0.577288
0.000000 1.000000 0.000000
Nf: 0   f0: 0
Mf:

Kf:

Cf:

Pf:




Hf:




Body Structure [04]
-------------------
Mass:  10.000000
cm:  0.000000 0.000000 0.000000
c:   0.000000 0.000000 0.000000
I:  20.000000 -0.000000 -0.000000
     -0.000000 10.000000 -0.000000
   -0.000000 -0.000000 0.120000
wn:  0.000000 0.000000 0.000000
qn:  -0.214161 0.673896 0.214161 -0.673896
vn:  0.000000 0.000000 0.000000
pn:  0.000000 -0.500000 1.250000

CN:
-0.000000 -0.577288 0.816541
0.000000 0.816541 0.577288
-1.000000 0.000000 0.000000
Nf: 0   f0: 0
Mf:

Kf:

Cf:

Pf:




Hf:





Joint Structure [00]
---------------
Rotu0: 3   Rotx0: 4
Trnu0: 4   Trnx0: 5
ang:  0.000000 0.000000 0.000000
rate:  0.000000 0.000000 0.000000
COI:
0.577288 0.000000 0.816541
-0.816541 0.000000 0.577288
-0.000000 -1.000000 0.000000
SpringCoef: 0.000000 0.000000 0.000000
DampCoef: 0.000000 0.000000 0.000000
PSIi:



THETAi:



PSIo:



THETAo:





Joint Structure [01]
---------------
Rotu0: 4   Rotx0: 5
Trnu0: 5   Trnx0: 6
ang:  0.000000 0.000000 0.000000
rate:  0.000000 0.000000 0.000000
COI:
0.000000 0.577288 0.816541
-0.000000 -0.816541 0.577288
1.000000 -0.000000 0.000000
SpringCoef: 0.000000 0.000000 0.000000
DampCoef: 0.000000 0.000000 0.000000
PSIi:



THETAi:



PSIo:



THETAo:





Joint Structure [02]
---------------
Rotu0: 5   Rotx0: 6
Trnu0: 6   Trnx0: 7
ang:  0.000000 0.000000 0.000000
rate:  0.000000 0.000000 0.000000
COI:
-0.577288 0.000000 0.816541
0.816541 -0.000000 0.577288
0.000000 1.000000 0.000000
SpringCoef: 0.000000 0.000000 0.000000
DampCoef: 0.000000 0.000000 0.000000
PSIi:



THETAi:



PSIo:



THETAo:





Joint Structure [03]
---------------
Rotu0: 6   Rotx0: 7
Trnu0: 7   Trnx0: 8
ang:  0.000000 0.000000 0.000000
rate:  0.000000 0.000000 0.000000
COI:
-0.000000 -0.577288 0.816541
0.000000 0.816541 0.577288
-1.000000 0.000000 0.000000
SpringCoef: 0.000000 0.000000 0.000000
DampCoef: 0.000000 0.000000 0.000000
PSIi:



THETAi:



PSIo:



THETAo:





